kinematics:
  shoulder:
    x: 0
    y: 0
    z: 0.1623005717784482
    roll: -0
    pitch: 0
    yaw: 7.727645657054638e-08
  upper_arm:
    x: 0.0001993878459225819
    y: 0
    z: 0
    roll: 1.571166375028768
    pitch: 0
    yaw: -6.656668926293148e-07
  forearm:
    x: -0.4250966932709615
    y: 0
    z: 0
    roll: 3.141301810868129
    pitch: -3.1404859468608
    yaw: -3.141588883590021
  wrist_1:
    x: -0.3924003599953361
    y: -0.0006026724624388196
    z: 0.1333491988515967
    roll: 0.004519474914713503
    pitch: 0.0002810618336209321
    yaw: -3.597716326782594e-06
  wrist_2:
    x: 2.221283748999209e-05
    y: -0.0998554350740203
    z: -6.455481371925024e-05
    roll: 1.571442809429298
    pitch: 0
    yaw: 1.149675844958759e-07
  wrist_3:
    x: 3.930134699148831e-05
    y: 0.09952193361284299
    z: 7.089810358703489e-05
    roll: 1.571508713391698
    pitch: 3.141592653589793
    yaw: -3.141592559497405
  hash: calib_1586491003704724732